2
3
4
5
6
7
8
9
10
11
12
13
14
15
16
17
18
19
20
21
22
23
24
25
26
27
28
29
30
31
32
33
34
35
36
37
38
39
40
41
42
43
44
45
46
47
48
49
50
51
52
53
54
55
56
57
58
59
60
61
62
63
64
65
66
67
68
69
70
71
72
73
74
76
77
78
79
80
81
82
83
84
85
88
90
91
93
94
95
96
97
98
99
100
101
102
105
106
108
109
110
111
112
113
114
115
116
117
118
119
120
121
122
123
124
125
126
127
128
129
130
131
141
142
143
144
146
147
148
152
153
154
155
157
158
162
163
165
166
167
168
169
170
171
172
173
174
206
207
208
209
210
300
301
302
310
312
313
314
316
330
340
350
370
400
450
455
470
700
703
713
715
716
720
721
726
730
741
742
745
750
751
752
755
756
758
759
761
762
763
764
765
766
767
768
770
771
772
773
774
775
776
777
778
779
780
781
790
791
794
795
796
797
798